<?xml version="1.0" standalone="no"?>
<!DOCTYPE svg PUBLIC "-//W3C//DTD SVG 20010904//EN"
 "http://www.w3.org/TR/2001/REC-SVG-20010904/DTD/svg10.dtd">
<svg version="1.0" xmlns="http://www.w3.org/2000/svg"
 width="189.000000pt" height="249.000000pt" viewBox="0 0 189.000000 249.000000"
 preserveAspectRatio="xMidYMid meet">

<g transform="translate(0.000000,249.000000) scale(0.100000,-0.100000)"
fill="#000000" stroke="none">
<path d="M228 2249 c-17 -9 -18 -65 -18 -950 l0 -941 30 -26 c142 -129 195
-140 286 -62 25 22 54 40 64 40 10 0 39 -18 64 -39 76 -66 136 -66 212 0 25
21 54 39 64 39 10 0 39 -18 64 -39 76 -66 136 -66 212 0 25 21 54 39 64 39 10
0 39 -18 64 -39 75 -65 135 -66 211 -3 25 21 57 47 72 59 l28 21 3 944 c2 879
1 944 -15 956 -22 16 -1378 17 -1405 1z m1342 -968 l0 -889 -33 -21 c-18 -11
-42 -29 -52 -41 -23 -25 -65 -26 -92 0 -83 76 -174 78 -244 4 -31 -33 -63 -30
-113 11 -73 59 -144 59 -213 0 -23 -19 -51 -35 -63 -35 -12 0 -42 17 -67 38
-41 33 -52 37 -103 37 -51 0 -62 -4 -103 -37 -51 -43 -85 -48 -112 -18 -10 12
-34 30 -52 41 l-33 21 0 889 0 889 640 0 640 0 0 -889z"/>
<path d="M523 1908 c-22 -29 -23 -38 -3 -58 19 -19 31 -20 406 -20 246 0 392
4 405 10 21 12 25 50 7 68 -18 18 -802 17 -815 0z"/>
<path d="M523 1568 c-22 -29 -23 -38 -3 -58 19 -19 31 -20 406 -20 246 0 392
4 405 10 21 12 25 50 7 68 -18 18 -802 17 -815 0z"/>
<path d="M524 1232 c-22 -15 -24 -42 -4 -62 19 -19 35 -20 406 -20 246 0 392
4 405 10 21 12 25 50 7 68 -9 9 -113 12 -407 12 -218 0 -401 -4 -407 -8z"/>
<path d="M523 888 c-22 -29 -23 -38 -6 -55 17 -17 44 -18 423 -13 l405 5 3 23
c8 52 11 52 -418 52 -306 0 -400 -3 -407 -12z"/>
</g>
</svg>
