<?xml version="1.0" standalone="no"?>
<!DOCTYPE svg PUBLIC "-//W3C//DTD SVG 20010904//EN"
 "http://www.w3.org/TR/2001/REC-SVG-20010904/DTD/svg10.dtd">
<svg version="1.0" xmlns="http://www.w3.org/2000/svg"
 width="300.000000pt" height="300.000000pt" viewBox="0 0 300.000000 300.000000"
 preserveAspectRatio="xMidYMid meet">
<metadata>
Created by potrace 1.10, written by Peter Selinger 2001-2011
</metadata>
<g transform="translate(0.000000,300.000000) scale(0.100000,-0.100000)"
fill="#000000" stroke="none">
<path d="M497 2403 c-10 -3 -125 -124 -257 -270 -167 -185 -240 -272 -240
-288 0 -13 11 -33 26 -44 25 -19 40 -21 190 -21 l164 0 0 -574 c0 -632 -3
-606 60 -606 61 0 60 -13 60 612 l0 568 125 0 125 0 0 -288 c0 -318 2 -332 60
-332 60 0 60 2 60 326 l0 294 660 0 660 0 0 -293 c0 -272 1 -295 18 -310 24
-22 65 -21 85 1 15 16 17 53 17 310 l0 292 125 0 125 0 0 -562 c0 -434 3 -569
13 -588 10 -20 20 -25 52 -25 32 0 42 5 52 25 10 19 13 154 13 588 l0 562 129
0 c115 0 131 2 155 21 14 11 26 31 26 43 0 29 -467 550 -501 559 -27 8 -1974
7 -2002 0z m2130 -306 l163 -182 -645 -3 c-355 -1 -935 -1 -1290 0 l-645 3
162 182 163 182 965 0 965 0 162 -182z"/>
</g>
</svg>
